# This file was created 2017-06-17.22:49:57
# Command line:./DensNearOdOH.exe 10frames.trr 1stframe.gro H2O.mol out log
@    title "axial Density density of OW w/r Od and OH atoms."
@    xaxis  label "zdiff (nm)"
@    yaxis  label "Density (1/nm^3)"
@TYPE xy
@ view 0.15, 0.15, 0.75, 0.85
@ legend on
@ legend box on
@ legend loctype view
@ legend 0.78, 0.8
@ legend length 2
@ s0 legend "near Od"
@ s1 legend "near OH"
          0.000000         39.302777          9.449982
          0.010000         39.302777          0.000000
          0.020000         19.651389          0.000000
          0.030000          0.000000          0.000000
          0.040000         58.954164          0.000000
          0.050000         19.651389          0.000000
          0.060000         58.954164         18.899964
          0.070000         78.605555          9.449982
          0.080000         19.651389         28.349945
          0.090000         78.605555          0.000000
          0.100000         58.954164          0.000000
          0.110000         98.256941         28.349945
          0.120000         58.954164         56.699890
          0.130000         58.954164         18.899964
          0.140000         39.302777         37.799928
          0.150000         78.605555         18.899964
          0.160000         98.256941         37.799928
          0.170000         39.302777         37.799928
          0.180000         39.302777         28.349945
          0.190000         39.302777         18.899964
          0.200000        117.908328         37.799928
          0.210000         78.605555         47.249909
          0.220000         39.302777         37.799928
          0.230000         19.651389         37.799928
          0.240000         39.302777         56.699890
          0.250000          0.000000        113.399780
          0.260000         58.954164         28.349945
          0.270000         19.651389         66.149871
          0.280000          0.000000         56.699890
          0.290000          0.000000         75.599856
          0.300000         19.651389         56.699890
          0.310000         78.605555         66.149871
          0.320000         58.954164         28.349945
          0.330000          0.000000          9.449982
          0.340000          0.000000         37.799928
          0.350000         19.651389         37.799928
          0.360000         19.651389         56.699890
          0.370000         19.651389         37.799928
          0.380000         78.605555         47.249909
          0.390000         58.954164         66.149871
          0.400000         19.651389         18.899964
          0.410000         39.302777         37.799928
          0.420000         39.302777         37.799928
          0.430000         78.605555         56.699890
          0.440000          0.000000         28.349945
          0.450000         39.302777         66.149871
          0.460000         19.651389         85.049833
          0.470000         19.651389         28.349945
          0.480000          0.000000         56.699890
          0.490000         58.954164         47.249909
          0.500000         19.651389         28.349945
          0.510000         58.954164          9.449982
          0.520000         19.651389         75.599856
          0.530000          0.000000         66.149871
          0.540000         58.954164         47.249909
          0.550000         19.651389         85.049833
          0.560000         39.302777         47.249909
          0.570000         19.651389         37.799928
          0.580000         58.954164         28.349945
          0.590000         39.302777         37.799928
          0.600000         58.954164         28.349945
          0.610000         58.954164         66.149871
          0.620000         39.302777         37.799928
          0.630000         39.302777         66.149871
          0.640000         19.651389         66.149871
          0.650000         58.954164         18.899964
          0.660000         58.954164         66.149871
          0.670000         39.302777         28.349945
          0.680000         19.651389         18.899964
          0.690000         19.651389         66.149871
          0.700000         19.651389         85.049833
          0.710000         19.651389         18.899964
          0.720000         19.651389         56.699890
          0.730000         58.954164         47.249909
          0.740000          0.000000         66.149871
          0.750000          0.000000         28.349945
          0.760000         39.302777         66.149871
          0.770000          0.000000         28.349945
          0.780000         39.302777         75.599856
          0.790000         19.651389         18.899964
          0.800000         39.302777         37.799928
          0.810000         19.651389         56.699890
          0.820000         98.256941         47.249909
          0.830000         19.651389         66.149871
          0.840000         39.302777         66.149871
          0.850000         19.651389         28.349945
          0.860000          0.000000         66.149871
          0.870000         39.302777         18.899964
          0.880000         39.302777         28.349945
          0.890000         58.954164         47.249909
          0.900000         39.302777         37.799928
          0.910000         39.302777         56.699890
          0.920000         58.954164         66.149871
          0.930000          0.000000         66.149871
          0.940000         98.256941         56.699890
          0.950000         19.651389          9.449982
          0.960000          0.000000         28.349945
          0.970000         19.651389        122.849765
          0.980000          0.000000         28.349945
          0.990000          0.000000         66.149871
          1.000000         19.651389         37.799928
          1.010000         19.651389         66.149871
          1.020000          0.000000         37.799928
          1.030000         98.256941         56.699890
          1.040000         98.256941         47.249909
          1.050000         19.651389         75.599856
          1.060000         39.302777         66.149871
          1.070000         19.651389         28.349945
          1.080000         39.302777         75.599856
          1.090000         19.651389         56.699890
          1.100000         19.651389         47.249909
          1.110000          0.000000         28.349945
          1.120000         39.302777          0.000000
          1.130000         39.302777         37.799928
          1.140000          0.000000         37.799928
          1.150000         58.954164         47.249909
          1.160000         19.651389         56.699890
          1.170000         19.651389         56.699890
          1.180000         39.302777         28.349945
          1.190000         19.651389         37.799928
          1.200000         19.651389         66.149871
          1.210000          0.000000         56.699890
          1.220000         78.605555         18.899964
          1.230000         58.954164         47.249909
          1.240000         58.954164         56.699890
          1.250000          0.000000         37.799928
          1.260000         19.651389         56.699890
          1.270000        137.559714         47.249909
          1.280000         58.954164         85.049833
          1.290000         58.954164         28.349945
          1.300000         39.302777         56.699890
          1.310000          0.000000         28.349945
          1.320000         58.954164         37.799928
          1.330000         19.651389         47.249909
          1.340000         19.651389         56.699890
          1.350000          0.000000         66.149871
          1.360000          0.000000         37.799928
          1.370000         39.302777         56.699890
          1.380000         58.954164         56.699890
          1.390000         19.651389         28.349945
          1.400000         19.651389         47.249909
          1.410000         39.302777         37.799928
          1.420000         78.605555         66.149871
          1.430000         19.651389         56.699890
          1.440000         39.302777         37.799928
          1.450000         39.302777          9.449982
          1.460000         58.954164         28.349945
          1.470000          0.000000         85.049833
          1.480000         58.954164         37.799928
          1.490000         39.302777         56.699890
          1.500000         39.302777         37.799928
          1.510000         39.302777         37.799928
          1.520000         39.302777         18.899964
          1.530000         19.651389         37.799928
          1.540000         39.302777         28.349945
          1.550000          0.000000         66.149871
          1.560000         19.651389         56.699890
          1.570000         39.302777         47.249909
          1.580000         19.651389          9.449982
          1.590000         19.651389         28.349945
          1.600000         19.651389         37.799928
          1.610000         19.651389         66.149871
          1.620000         19.651389         56.699890
          1.630000         78.605555         94.499818
          1.640000         39.302777         37.799928
          1.650000         19.651389         56.699890
          1.660000         19.651389         47.249909
          1.670000         39.302777         85.049833
          1.680000         78.605555         37.799928
          1.690000         58.954164         37.799928
          1.700000         19.651389         37.799928
          1.710000         19.651389         18.899964
          1.720000          0.000000         37.799928
          1.730000         78.605555         85.049833
          1.740000         58.954164         66.149871
          1.750000         58.954164          9.449982
          1.760000         58.954164         56.699890
          1.770000         19.651389         18.899964
          1.780000         39.302777         37.799928
          1.790000         58.954164         28.349945
          1.800000         39.302777         47.249909
          1.810000         39.302777         47.249909
          1.820000          0.000000         47.249909
          1.830000         78.605555         56.699890
          1.840000         19.651389         56.699890
          1.850000         39.302777         37.799928
          1.860000         39.302777         94.499818
          1.870000         39.302777         47.249909
          1.880000         19.651389         28.349945
          1.890000         39.302777         85.049833
          1.900000          0.000000         18.899964
          1.910000          0.000000         18.899964
          1.920000         58.954164         28.349945
          1.930000         39.302777         75.599856
          1.940000         39.302777         28.349945
          1.950000         19.651389         66.149871
          1.960000          0.000000         56.699890
          1.970000         58.954164         18.899964
          1.980000          0.000000         56.699890
          1.990000         58.954164         85.049833
          2.000000         58.954164        113.399780
          2.010000         78.605555         75.599856
          2.020000         78.605555          9.449982
          2.030000         19.651389         56.699890
          2.040000         19.651389         47.249909
          2.050000         19.651389         75.599856
          2.060000          0.000000         75.599856
          2.070000          0.000000         47.249909
          2.080000         39.302777         75.599856
          2.090000         19.651389          9.449982
          2.100000         19.651389         28.349945
          2.110000         39.302777         28.349945
          2.120000         19.651389         66.149871
          2.130000         39.302777          9.449982
          2.140000         39.302777         37.799928
          2.150000         78.605555         47.249909
          2.160000         58.954164         37.799928
          2.170000         39.302777         66.149871
          2.180000          0.000000         47.249909
          2.190000         78.605555         75.599856
          2.200000         19.651389         37.799928
          2.210000         39.302777         47.249909
          2.220000         78.605555         75.599856
          2.230000         39.302777         75.599856
          2.240000         78.605555         47.249909
          2.250000         19.651389         66.149871
          2.260000         39.302777         66.149871
          2.270000         19.651389         56.699890
          2.280000         19.651389         28.349945
          2.290000         19.651389         37.799928
          2.300000         19.651389         56.699890
          2.310000         19.651389         66.149871
          2.320000         39.302777         28.349945
          2.330000          0.000000         66.149871
          2.340000          0.000000         66.149871
          2.350000         58.954164         75.599856
          2.360000         39.302777         47.249909
          2.370000         58.954164         37.799928
          2.380000         19.651389         47.249909
          2.390000         19.651389         28.349945
          2.400000          0.000000         37.799928
          2.410000         58.954164         66.149871
          2.420000         19.651389         66.149871
          2.430000        117.908328         37.799928
          2.440000         19.651389         28.349945
          2.450000         58.954164         37.799928
          2.460000         58.954164         75.599856
          2.470000         19.651389         47.249909
          2.480000         19.651389         37.799928
          2.490000         39.302777         28.349945
          2.500000         39.302777         75.599856
          2.510000         19.651389         18.899964
          2.520000         58.954164         28.349945
          2.530000         58.954164         75.599856
          2.540000         58.954164         47.249909
          2.550000         98.256941         18.899964
          2.560000          0.000000         37.799928
          2.570000         39.302777         56.699890
          2.580000         39.302777         37.799928
          2.590000         39.302777         47.249909
          2.600000          0.000000         56.699890
          2.610000         39.302777         66.149871
          2.620000          0.000000         66.149871
          2.630000          0.000000         37.799928
          2.640000         58.954164         56.699890
          2.650000         58.954164         37.799928
          2.660000          0.000000         47.249909
          2.670000         39.302777         37.799928
          2.680000         39.302777         37.799928
          2.690000         58.954164         28.349945
          2.700000         39.302777         56.699890
          2.710000         39.302777         18.899964
          2.720000          0.000000         66.149871
          2.730000         39.302777          0.000000
          2.740000         39.302777         56.699890
          2.750000         78.605555         47.249909
          2.760000         19.651389         75.599856
          2.770000         39.302777         56.699890
          2.780000          0.000000         28.349945
          2.790000         19.651389         85.049833
          2.800000         39.302777         18.899964
          2.810000         39.302777         56.699890
          2.820000         19.651389         18.899964
          2.830000          0.000000         28.349945
          2.840000         39.302777         47.249909
          2.850000         19.651389         56.699890
          2.860000          0.000000         56.699890
          2.870000          0.000000         94.499818
          2.880000         19.651389         37.799928
          2.890000          0.000000         56.699890
          2.900000         98.256941         66.149871
          2.910000         78.605555         66.149871
          2.920000         58.954164         28.349945
          2.930000         19.651389         18.899964
          2.940000         39.302777         37.799928
          2.950000         58.954164         66.149871
          2.960000         19.651389         56.699890
          2.970000         58.954164         47.249909
          2.980000         39.302777         94.499818
          2.990000         39.302777         47.249909
